0.15 none
2.23 1074,
4.31 1074,
6.39 1074,
8.47 1074,
10.55 1074,
12.62 1074,
14.69 1074,
16.77 1074,
18.85 1074,
20.93 1074,
23.01 1074,
25.09 1074,
27.17 1074,
29.25 1074,
31.32 1074,
33.40 1074,
35.48 1074,
37.56 1074,
39.64 1074,
41.72 1074,
43.80 1074,
45.87 1074,
47.95 1074,
50.03 1074,
52.11 1074,
54.18 1074,
56.26 1074,
58.33 1074,
60.41 1074,
62.48 1074,
64.55 1074,
66.62 1074,
68.70 1074,
70.77 1074,
72.85 1074,
74.92 1074,
77.00 1074,
79.08 1074,
81.15 1074,
83.23 1074,
85.31 1074,
87.39 1074,
89.46 1074,
91.54 1074,
93.61 1074,
95.69 1074,
97.77 1074,
99.84 1074,
101.91 1074,
103.99 1074,
106.07 1074,
108.15 1074,
110.23 1074,
112.31 1074,
114.39 1074,
116.47 1074,
118.55 1074,
120.63 1074,
122.71 1074,
124.78 1074,
126.86 1074,
128.94 1074,
131.01 1074,
133.09 1074,
135.17 1074,
137.25 1074,
139.33 1074,
141.41 1074,
143.49 1074,
145.56 1074,
147.63 1074,
149.70 1074,
151.78 1074,
153.85 1074,
155.93 1074,
158.00 1074,
160.08 1074,
162.15 1074,
164.23 1074,
166.31 1074,
168.38 1074,
170.45 1074,
172.53 1074,
174.61 1074,
176.68 1074,
178.77 1074,
180.85 1074,
182.92 1074,
185.00 1074,
187.08 1074,
189.16 1074,
